structure(list(q0410g_total = structure(c(2L, 36L, 35L, 2L, 2L, 
18L, 24L, NA, 36L, 36L, 1L, 36L, 25L, 22L, 36L, 2L, 1L, 20L, 
36L, 36L, 16L, 36L, 2L, 36L, 36L, 36L, 27L, 2L, 36L, 1L, 24L, 
36L, 2L, 36L, 36L, 36L, 23L, 36L, 28L, 16L, 23L, 36L, 36L, 2L, 
2L, NA, 16L, 25L, 2L, 36L, 22L, 1L, 36L, 2L, 21L, 35L, 21L, 35L, 
10L, 1L, 36L, 23L, 2L, 16L, 36L, NA, 36L, 35L, 36L, NA, 36L, 
2L, 35L, NA, 36L, 24L, 36L, 2L, 16L, 2L, 29L, 21L, NA, 23L, 28L, 
NA, 36L, 28L, 24L, NA, 35L, 23L, 1L, 36L, NA, NA, 1L, 36L, 2L, 
36L, 36L, 35L, 17L, 30L, 28L, 27L, 35L, 29L, 35L, 15L, 35L, 17L, 
23L, 17L, 18L, 36L, 36L, 17L, 36L, 19L, 36L, 36L, 35L, 23L, 12L, 
2L, 35L, 22L, NA, 1L, 15L, 29L, NA, 22L, 23L, 36L, 20L, 1L, 18L, 
35L, 36L, 36L, 16L, 36L, 2L, 36L, 23L, 29L, 1L, 36L, 2L, 35L, 
2L, 36L, 29L, 35L, 26L, 36L, 36L, 1L, 1L, 25L, 36L, 36L, 1L, 
18L, 36L, 16L, 36L, 36L, 36L, 35L, 36L, 17L, 24L, 23L, 35L, 2L, 
27L, 1L, 17L, 36L, 36L, 36L, 1L, 2L, 1L, 36L, 36L, 35L, 2L, 36L, 
2L, 21L, 2L, 36L, 36L, 2L, 1L, 2L, 36L, 36L, 1L, 35L, 35L, 36L, 
24L, 24L, 36L, 9L, 1L, 1L, 35L, 35L, 36L, 26L, 23L, 36L, 2L, 
36L, 15L, 14L, 35L, 35L, 35L, 35L, 36L, 19L, 36L, 4L, 27L, 35L, 
35L, 36L, 2L, 36L, 36L, NA, 1L, 36L, 35L, 1L, 2L, 36L, 36L, 35L, 
20L, 1L, 35L, 35L, 36L, 36L, 23L, 18L, 11L, 36L, 25L, 26L, NA, 
2L, 35L, 2L, 36L, 16L, 35L, 2L, 20L, 15L, 36L, 36L, 25L, 35L, 
36L, 36L, 2L, 1L, 35L, 23L, 36L, 1L, 2L, 36L, 4L, 17L, 2L, 36L, 
2L, 23L, 35L, 36L, 7L, 1L, 27L, 24L, 5L, 16L, 35L, 19L, 23L, 
35L, 15L, 16L, 36L, 2L, 1L, 15L, 36L, 36L, 35L, 36L, 36L, 2L, 
1L, 22L, 35L, 15L, 1L, 36L, NA, 28L, 36L, 28L, 2L, 35L, 24L, 
1L, 2L, 1L, 36L, 36L, 23L, NA, 14L, 35L, 36L, 26L, 35L, 36L, 
2L, 36L, 35L, 36L, 1L, 2L, 36L, 35L, 35L, 36L, 35L, 36L, 2L, 
21L, 26L, 2L, 36L, 36L, 36L, 8L, 2L, 36L, 36L, 36L, 36L, 1L, 
27L, 36L, 36L, 36L, 25L, 24L, 1L, 21L, 18L, 35L, 36L, 36L, 36L, 
17L, 1L, 23L, 36L, 19L, NA, 35L, 2L, 23L, 21L, 25L, 2L, 35L, 
25L, 24L, 1L, 35L, 2L, 36L, 36L, 36L, 36L, 36L, 8L, 36L, 13L, 
2L, 1L, NA, 1L, 1L, 35L, 15L, 1L, 36L, 35L, 2L, 36L, 24L, 36L, 
2L, 36L, 1L, 35L, 35L, 18L, 22L, 35L, 1L, NA, 24L, 35L, 17L, 
19L, 24L, 35L, 35L, 36L, 1L, 23L, 36L, 1L, 9L, 36L, 13L, NA, 
2L, 36L, 15L, 36L, 2L, NA, 30L, 36L, 23L, 2L, 22L, 2L, 29L, 2L, 
1L, 36L, 20L, 2L, 23L, 36L, 22L, 11L, 16L, NA, 35L, 36L, 2L, 
35L, 36L, 1L, 14L, 36L, 36L, 27L, 2L, 35L, 21L, 35L, NA, 2L, 
36L, 35L, 1L, 15L, 36L, 2L, 3L, 10L, 35L, 7L, 23L, 2L, 36L, 27L, 
2L, 35L, 1L, 1L, 23L, 36L, 36L, 36L, 36L, 1L, 36L, 25L, 6L, 36L, 
NA, 2L, 36L, 36L, 24L, 36L, 12L, 2L, 36L, 29L, 36L, 8L, 35L, 
2L, 12L, 8L, 35L, 23L, 36L, 36L, 13L, 15L, 21L, NA, 36L, 36L, 
2L, 36L, 18L, 35L, 23L, 35L, 1L, 1L, 1L, 17L, 35L, 36L, 36L, 
2L, 10L, 36L, 36L, 17L, 35L, 36L, 36L, 36L, 1L, 23L, 36L, 25L, 
36L, 2L, 25L, 23L, 3L, 12L, 36L, 1L, 21L, 29L, 36L, 1L, 36L, 
16L, 14L, 36L, 17L, 21L, 18L, 1L, 36L, 36L, 36L, 35L, 25L, 36L, 
35L, 36L, 36L, 36L, NA, 1L, 1L, 16L, 22L, 25L, 36L, 36L, 16L, 
15L, 1L, 36L, 1L, 1L, 36L, 24L, 15L, 35L, 35L, 35L, 1L, 12L, 
NA, 25L, NA, 2L, 35L, 24L, 36L, 36L, 35L, 35L, 36L, 4L, 36L, 
35L, 2L, 36L, 20L, NA, 36L, NA, 36L, 4L, 17L, 12L, 35L, 12L, 
35L, 1L, 30L, 23L, 2L, NA, 25L, 2L, 36L, 15L, 35L, 36L, 36L, 
36L, 36L, 35L, 13L, 25L, 2L, 2L, 1L, 36L, 20L, 2L, 25L, 35L, 
36L, 24L, 18L, 36L, 1L, 36L, 26L, 29L, 35L, 36L, 36L, 20L, 15L, 
36L, 35L, 36L, 25L, 35L, NA, 4L, 2L, 30L, 23L, 1L, 8L, 36L, 25L, 
1L, 36L, NA, 11L, 36L, 1L, 35L, 36L, 35L, 2L, 36L, 2L, 36L, 2L, 
24L, NA, 36L, 36L, 1L, 36L, 27L, 1L, NA, 25L, 2L, 10L, 13L, 26L, 
36L, 25L, 2L, 36L, 24L, 11L, 1L, 2L, 23L, 24L, 24L, 2L, 36L, 
36L, 2L, 35L, 11L, 36L, 35L, 4L, 35L, 36L, 8L, 2L, 13L, 35L, 
35L, 27L, 24L, 35L, NA, 36L, 1L, 35L, 2L, 27L, 36L, 35L, 35L, 
16L, 36L, 27L, NA, 36L, 27L, 36L, 15L, 15L, 35L, 2L, 1L, 2L, 
36L, 23L, NA, 36L, 18L, 24L, 36L, 24L, 1L, 36L, 17L, 36L, 28L, 
36L, 2L, 36L, 18L, 2L, 36L, 36L, 1L, 2L, 1L, 24L, 35L, 13L, 36L, 
23L, 16L, 35L, 36L, 36L, 2L, 1L, 1L, 15L, 1L, 2L, 36L, 2L, 1L, 
3L, 25L, 22L, 29L, 36L, 35L, 35L, 23L, 36L, 35L, 22L, NA, 2L, 
26L, 36L, 36L, 2L, 2L, 2L, 36L, 1L, 1L, 35L, NA, 1L, 36L, 2L, 
35L, 35L, 4L, 36L, 36L, 36L, 36L, 36L, 36L, 1L, 36L, 36L, 2L, 
2L, 36L, 35L, 7L, 23L, 18L, 35L, 36L, 21L, 36L, 14L, 1L, 22L, 
26L, 35L, 23L, 2L, 1L, 35L, 1L, 2L, 2L, 36L, 20L, 24L, 2L, 35L, 
36L, 21L, 23L, 27L, 2L, 12L, 2L, 36L, 25L, 35L, 30L, 2L, 36L, 
27L, 35L, 35L, 23L, 17L), levels = c("1", "2", "3", "4", "5", 
"6", "7", "8", "9", "10", "11", "12", "13", "14", "15", "16", 
"17", "18", "19", "20", "21", "22", "23", "24", "25", "26", "27", 
"28", "29", "30", "31", "32", "33", "34", "888", "999"), class = "factor"),