structure(list(q0410g_total = c(888, 999, 28, 27, 2, 888, 888, 
2, 22, 2, 24, 2, 24, 24, 25, 999, 888, 999, 15, 999, 4, 2, 24, 
999, 25, 15, 999, 1, 2, 888, 2, 999, 999, 8, 888, 999, 999, 999, 
NA, 999, 24, 15, 1, 888, 25, 2, 2, 999, 23, NA, 16, 2, 999, 6, 
999, 888, 1, 888, 1, NA, 17, NA, 18, NA, 888, 888, 999, 999, 
20, 999, 999, 999, 26, 999, 19, 999, 25, 21, 24, 20, 888, 2, 
999, 2, 25, 14, 4, 2, 29, 999, 1, 1, 1, 3, 23, 999, 22, 888, 
1, 999, 28, 28, 27, 999, 999, 2, 2, 1, 18, 29, 999, NA, 22, 1, 
23, 30, 999, 888, 888, 2, 15, 23, 999, 999, NA, 999, 23, 2, 2, 
15, 888, 999, 999, 2, 4, 999, 999, 2, 888, 2, 888, 999, 888, 
999, 25, 24, 999, 26, NA, 23, 2, 17, 25, 999, 2, 999, 23, 29, 
999, 17, 1, 22, 23, 2, 2, 999, 2, NA, 999, 2, 2, 2, 999, 23, 
1, 888, 888, 23, 999, 2, 999, 23, 2, 15, 999, 2, 22, 888, 25, 
999, 15, 999, 999, 10, 20, 999, 1, 999, 1, 999, 24, 2, 28, 999, 
NA, 1, 17, 15, 23, 2, 888, 888, 999, 23, 12, 2, 888, 27, 18, 
888, 7, 999, 15, 27, 2, 888, 22, 2, NA, 24, 17, 999, 999, 999, 
2, 888, 888, 17, 999, 16, 23, 2, 2, 999, 21, 28, 2, NA, 1, 23, 
888, 11, 26, 888, 21, 24, 1, 999, 1, 999, 13, 1, 999, 999, 17, 
1, 2, 24, 888, 17), q0410i_ss = c(1, 2, 2, 2, 999, 888, 888, 
22, 1, 19, 2, 999, 2, 2, 2, 999, 888, 999, 1, 999, 5, 21, 2, 
999, 2, 24, 1, 10, 13, 888, 888, 999, 999, 2, 888, 999, 999, 
2, NA, 999, 1, 1, 12, 888, 2, 888, 3, 999, 1, NA, 16, 28, 999, 
6, 999, 888, 18, 888, 18, NA, 10, NA, 2, NA, 888, 2, 999, 999, 
1, 999, 999, 2, 1, 999, 2, 999, 1, 1, 2, 2, 11, 16, 999, 17, 
999, 2, 2, 26, 1, 999, 17, 20, 9, 3, 2, 999, 2, 888, 1, 999, 
999, 24, 2, 999, 999, 24, 24, 25, 15, 2, 999, NA, 2, 18, 2, 1, 
24, 10, 888, 2, 1, 2, 999, 999, NA, 999, 1, 11, 888, 1, 888, 
999, 18, 15, 4, 999, 999, 21, 888, 15, 10, 999, 2, 999, 21, 1, 
999, 2, NA, 2, 24, 1, 2, 999, 19, 999, 2, 1, 999, 17, 18, 2, 
24, 2, 2, 999, 15, NA, 999, 2, 23, 999, 999, 2, 999, 1, 888, 
23, 999, 18, 999, 1, 15, 4, 999, 999, 2, 999, 2, 888, 2, 2, 999, 
1, 11, 999, 14, 888, 11, 999, 2, 23, 2, 999, NA, 14, 1, 15, 24, 
21, 888, 1, 999, 10, 13, 28, 2, 1, 1, 888, 1, 999, 22, 15, 999, 
2, 22, 21, NA, 2, 2, 999, 999, 999, 2, 2, 888, 2, 999, 2, 2, 
999, 19, 999, 2, 14, 10, NA, 23, 1, 888, 1, 2, 888, 1, 2, 11, 
999, 19, 999, 11, 1, 999, 999, 9, 1, 15, 23, 888, 17), q0410j_government = c(1, 
999, 2, 2, 2, 888, 888, 2, 1, 2, 2, 999, 2, 2, 2, 999, 888, 999, 
1, 999, 1, 2, 2, 2, 2, 1, 1, 1, 2, 888, 999, 999, 999, 2, 888, 
999, 999, 999, NA, 999, 1, 1, 1, 888, 3, 888, 3, 999, 1, NA, 
2, 2, 999, 1, 999, 888, 1, 2, 1, NA, 2, NA, 2, NA, 888, 11, 999, 
999, 1, 999, 999, 2, 1, 999, 2, 999, 1, 1, 2, 2, 2, 2, 999, 2, 
2, 2, 8, 2, 1, 999, 1, 1, 1, 3, 2, 999, 2, 888, 7, 999, 999, 
2, 2, 2, 999, 2, 2, 1, 22, 2, 999, NA, 2, 1, 2, 1, 1, 888, 999, 
18, 1, 2, 999, 999, NA, 999, 1, 24, 2, 1, 888, 999, 2, 2, 999, 
999, 999, 2, 888, 2, 2, 999, 2, 999, 2, 1, 999, 2, NA, 2, 2, 
1, 2, 999, 2, 999, 2, 1, 999, 999, 1, 8, 2, 2, 10, 999, 2, NA, 
999, 13, 2, 2, 999, 2, 1, 1, 888, 2, 999, 2, 999, 1, 2, 2, 999, 
2, 2, 888, 2, 888, 5, 2, 999, 1, 1, 999, 1, 999, 1, 2, 11, 2, 
2, 999, NA, 1, 1, 2, 2, 2, 888, 1, 999, 2, 1, 2, 888, 1, 1, 888, 
5, 999, 9, 2, 2, 6, 2, 2, NA, 2, 9, 999, 2, 999, 5, 2, 888, 1, 
999, 2, 4, 2, 2, 999, 2, 2, 16, NA, 1, 1, 888, 1, 2, 999, 1, 
2, 1, 999, 1, 888, 1, 7, 999, 999, 1, 8, 999, 2, 888, 1), q0410k_other = c(1, 
2, 2, 2, 2, 888, 888, 2, 1, 2, 2, 999, 2, 2, 2, 999, 888, 999, 
1, 999, 1, 2, 2, 2, 2, 1, 1, 1, 2, 888, 888, 999, 999, 2, 999, 
999, 2, 999, NA, 4, 1, 1, 1, 888, 2, 888, 2, 999, 1, NA, 2, 2, 
999, 1, 999, 888, 1, 888, 1, NA, 2, NA, 2, NA, 888, 2, 888, 2, 
1, 999, 999, 2, 1, 999, 2, 999, 1, 1, 2, 2, 2, 2, 999, 2, 25, 
14, 2, 2, 1, 999, 1, 1, 1, 3, 2, 999, 2, 888, 1, 999, 999, 23, 
2, 2, 888, 2, 2, 1, 19, 2, 999, NA, 2, 1, 2, 1, 1, 10, 888, 2, 
1, 2, 999, 999, NA, 999, 1, 2, 2, 1, 888, 999, 2, 2, 999, 999, 
999, 2, 888, 2, 2, 999, 8, 999, 25, 1, 999, 2, NA, 2, 2, 1, 2, 
999, 2, 999, 2, 1, 999, 888, 1, 2, 2, 2, 2, 999, 2, NA, 999, 
2, 2, 2, 999, 2, 1, 888, 888, 2, 888, 2, 999, 1, 2, 2, 999, 2, 
2, 888, 2, 888, 2, 2, 999, 1, 1, 999, 1, 999, 1, 2, 2, 2, 2, 
999, NA, 1, 1, 2, 999, 2, 999, 888, 999, 2, 1, 13, 888, 1, 1, 
888, 1, 999, 1, 2, 2, 2, 2, 2, NA, 2, 2, 888, 999, 999, 999, 
2, 14, 2, 2, 2, 2, 2, 2, 15, 2, 2, 2, NA, 1, 1, 888, 1, 2, 999, 
2, 2, 1, 999, 1, 999, 10, 1, 999, 999, 1, 1, 2, 2, 888, 888)), row.names = c(NA, 
-270L), class = c("tbl_df", "tbl", "data.frame"))
